TDI Format 2.0	index	value	stage	curve_fit:Ic	curve_fit:Ic_err	curve_fit:Rn	curve_fit:Rn_err	counter:Value
alert.type{str}='command'	0.0	0.0	0.0	0.0004975874982740017	1.3400395858892525e-06	0.004993357640054172	6.180508114333681e-06	0.0
alert.class{str}='stoner_measurement.plugins.command.alert:AlertCommand'	1.0	0.025	0.0	0.0005027919121277189	1.1159067341794793e-06	0.005000033780217832	6.152961405284499e-06	0.025
alert.instance_name{str}='alert'	2.0	0.05	0.0	0.0004995885199241541	1.2577050663486381e-06	0.004997449665151984	6.1162993818827985e-06	0.05
alert.message_expr{str}="'Alert'"	3.0	0.07500000000000001	0.0	0.0004962267487118059	1.4205895460558061e-06	0.004993025650986636	6.362041838780014e-06	0.07500000000000001
counter.type{str}='state_scan'	4.0	0.1	0.0	0.0004929107909983839	1.5251933002081597e-06	0.005013009646053974	6.4652732626472055e-06	0.1
counter.class{str}='stoner_measurement.plugins.state_scan.counter:CounterPlugin'	5.0	0.125	0.0	0.00048785521331729524	1.0343873966159207e-06	0.0049992917041422925	5.969162486980014e-06	0.125
counter.instance_name{str}='counter'	6.0	0.15000000000000002	0.0	0.00048478486975938847	1.2694439579508408e-06	0.004990882603149743	6.287628276470826e-06	0.15000000000000002
counter.collect_data{bool}=True	7.0	0.17500000000000002	0.0	0.0004732291036128203	9.197858976340297e-07	0.005014504623043658	5.742805991721759e-06	0.17500000000000002
counter.clear_on_start{bool}=True	8.0	0.2	0.0	0.00046969882791928174	1.2008542945224764e-06	0.005001571764148312	5.994795263745142e-06	0.2
counter.collect_filter{str}='counter.meas_flag'	9.0	0.225	0.0	0.00046089474363879474	1.5778400922072293e-06	0.005013387409103056	6.413615311506183e-06	0.225
counter.clear_filter{str}='True'	10.0	0.25	0.0	0.00045016987133378756	1.4150118309255376e-06	0.004990690082470261	6.138241086568702e-06	0.25
counter.collect_outputs{NoneType}=None	11.0	0.275	0.0	0.0004400520392341473	1.172490254349668e-06	0.005001582293418473	5.906961598248897e-06	0.275
counter.scan_generator.type{str}='SteppedScanGenerator'	12.0	0.30000000000000004	0.0	0.00043065994024102963	1.4604452127400287e-06	0.0050048067736485	5.748892868600446e-06	0.30000000000000004
counter.scan_generator.start{float}=0.0	13.0	0.325	0.0	0.0004189269735005746	1.4211821182410446e-06	0.00498611589696148	5.7992514628379545e-06	0.325
counter.scan_generator.stages[0][0]{float}=2.5	14.0	0.35000000000000003	0.0	0.0004066242988944279	1.3278609066264271e-06	0.005018784791035425	5.661174531732213e-06	0.35000000000000003
counter.scan_generator.stages[0][1]{float}=0.025	15.0	0.375	0.0	0.00039278173061693553	1.4324505762697452e-06	0.004994123331383421	6.065454721835597e-06	0.375
counter.scan_generator.stages[0][2]{int}=100	16.0	0.4	0.0	0.00037984983572460153	1.3661051918969755e-06	0.004999334955033505	5.911800308830159e-06	0.4
counter.scan_generator.stages[0][3]{bool}=True	17.0	0.42500000000000004	0.0	0.0003644241339652945	1.518741538526126e-06	0.005006228833268443	6.167431285829027e-06	0.42500000000000004
counter.scan_generator.stages[1][0]{float}=-2.5	18.0	0.45	0.0	0.0003527446337444621	1.2554393726798028e-06	0.00500165551895776	5.331092410269588e-06	0.45
counter.scan_generator.stages[1][1]{float}=0.025	19.0	0.47500000000000003	0.0	0.0003369686529433838	1.5789992857067985e-06	0.005007179660504301	6.113264088337634e-06	0.47500000000000003
counter.scan_generator.stages[1][2]{int}=200	20.0	0.5	0.0	0.00031698209235298214	1.0706355127587425e-06	0.005001325831924239	5.375707802656585e-06	0.5
counter.scan_generator.stages[1][3]{bool}=True	21.0	0.525	0.0	0.00030253447832784497	1.2543309106655268e-06	0.005010423313362595	5.405930283787718e-06	0.525
counter.scan_generator.stages[2][0]{float}=0.0	22.0	0.55	0.0	0.00028762711787535026	1.5349118626076654e-06	0.004992045136110745	5.785071250760445e-06	0.55
counter.scan_generator.stages[2][1]{float}=0.025	23.0	0.5750000000000001	0.0	0.00026802367848380375	1.1045502314233741e-06	0.004998014761985605	5.2019383253528436e-06	0.5750000000000001
counter.scan_generator.stages[2][2]{int}=100	24.0	0.6000000000000001	0.0	0.0002533068771718832	1.457660745467856e-06	0.00499050378499018	5.445703944110593e-06	0.6000000000000001
counter.scan_generator.stages[2][3]{bool}=True	25.0	0.625	0.0	0.00023115401521650196	1.5139056687524505e-06	0.004992797564449791	5.51169754693824e-06	0.625
counter.scan_generator.units{str}=''	26.0	0.65	0.0	0.00021894500932152493	1.537989472275916e-06	0.004996037595210623	5.17765542723008e-06	0.65
curve_fit.type{str}='transform'	27.0	0.675	0.0	0.00020214041262969307	1.1955081498818238e-06	0.0049922996215821455	5.005033404197171e-06	0.675
curve_fit.class{str}='stoner_measurement.plugins.transform.curve_fit:CurveFitPlugin'	28.0	0.7000000000000001	0.0	0.00018609469760066838	1.7745633306652852e-06	0.004996775826562005	5.246856129716277e-06	0.7000000000000001
curve_fit.instance_name{str}='curve_fit'	29.0	0.7250000000000001	0.0	0.00016952992334125374	1.7371900214524244e-06	0.004998970793401708	5.445646005627561e-06	0.7250000000000001
curve_fit.trace_key{str}='dummy:Dummy'	30.0	0.75	0.0	0.00014877193395010173	1.999784129309678e-06	0.004998216277161134	5.425502296744375e-06	0.75
curve_fit.column_key{str}=''	31.0	0.775	0.0	0.00014038861455489457	1.872853039830734e-06	0.005007319543907257	5.027706340020272e-06	0.775
curve_fit.advanced_mode{bool}=False	32.0	0.8	0.0	0.00011949292638697691	1.727130825413084e-06	0.005011335484555354	5.265657359824764e-06	0.8
curve_fit.x_expr{str}="dummy.data['Dummy'].x"	33.0	0.8250000000000001	0.0	9.662714221027307e-05	1.9286546242387735e-06	0.004998552523238793	5.247293912144753e-06	0.8250000000000001
curve_fit.y_expr{str}="dummy.data['Dummy'].x"	34.0	0.8500000000000001	0.0	8.870537417583827e-05	2.0717206022986236e-06	0.0050053301837864675	5.126218293009455e-06	0.8500000000000001
curve_fit.y_error_expr{str}=''	35.0	0.875	0.0	7.491409914297479e-05	2.2679610675150736e-06	0.004992272428856329	5.046299528208878e-06	0.875
curve_fit.fit_code{str}='def fit(I,Ic,Rn):\n    """RSJ Model function."""\n    RSJ=Rn*np.sign(I)*np.sqrt(np.abs(I**2-Ic**2))\n    return np.where(np.abs(I)<Ic,0,RSJ)\n\n\n# Optional: define p0(x, y) to compute initial parameter estimates.\ndef p0(I, V):\n    II=np.where(np.isclose(I,0),1E-12,I)\n    R=V/II\n    Rn=R[np.abs(V)>V.max()/2]\n    Rn=Rn.mean()\n    Ic=II[np.abs(V)<V.max()/20]\n    Ic=(Ic.max()-Ic.min())/2\n    return (Ic,Rn)\n'	36.0	0.9	0.0	5.644730630628818e-05	5.221575589198499e-08	0.004994738609041739	4.992699301764899e-06	0.9
curve_fit.param_names[0]{str}='Ic'	37.0	0.925	0.0	4.543445646099917e-05	1.5799648936945047e-06	0.00500018850491637	5.037308230390927e-06	0.925
curve_fit.param_names[1]{str}='Rn'	38.0	0.9500000000000001	0.0	4.4445576194224344e-05	2.2311097627563565e-06	0.0050036809253046575	5.321004971115441e-06	0.9500000000000001
curve_fit.param_settings.Ic.min{NoneType}=None	39.0	0.9750000000000001	0.0	1.0331437151098486e-05	8.511240601160803e-07	0.004995565060193213	5.171810936234857e-06	0.9750000000000001
curve_fit.param_settings.Ic.initial{NoneType}=None	40.0	1.0	0.0	2.3618488075461188e-05	2.8197455556751925e-06	0.004998248012553463	5.307244719228388e-06	1.0
curve_fit.param_settings.Ic.max{NoneType}=None	41.0	1.0250000000000001	0.0	1.4644922169592313e-05	2.7896008410175403e-06	0.004990568779116379	5.043500534556356e-06	1.0250000000000001
curve_fit.param_settings.Rn.min{NoneType}=None	42.0	1.05	0.0	2.0521155344699634e-05	2.7815418878087182e-06	0.005000359575778942	5.372618702151036e-06	1.05
curve_fit.param_settings.Rn.initial{NoneType}=None	43.0	1.075	0.0	3.7543885241130457e-05	2.9259843361269126e-06	0.0049940304938972365	5.065544438828315e-06	1.075
curve_fit.param_settings.Rn.max{NoneType}=None	44.0	1.1	0.0	5.138716107729556e-05	2.626338040275189e-06	0.004997468885108211	4.912522916508752e-06	1.1
curve_fit.show_initial_trace{bool}=True	45.0	1.125	0.0	5.953073796963926e-05	2.0330240756784497e-06	0.004998225564244311	5.023089866361798e-06	1.125
curve_fit.show_best_fit_trace{bool}=True	46.0	1.1500000000000001	0.0	6.683710751473584e-05	1.3762104534890215e-06	0.005004726959191045	5.032848051416097e-06	1.1500000000000001
details.type{str}='command'	47.0	1.175	0.0	7.138931196316944e-05	1.88585222696062e-06	0.005009012642509956	5.121594170348094e-06	1.175
details.class{str}='stoner_measurement.plugins.command.details:DetailsCommand'	48.0	1.2000000000000002	0.0	8.078807196189297e-05	2.1512578350508276e-06	0.005005450129314614	4.8116319938118744e-06	1.2000000000000002
details.instance_name{str}='details'	49.0	1.225	0.0	8.270485786597255e-05	2.0074862560642953e-06	0.005004689141630696	5.058783601366024e-06	1.225
details.user{str}='Gavin'	50.0	1.25	0.0	8.803202964602217e-05	2.0678820742600045e-06	0.004999247258012475	4.912558602695196e-06	1.25
details.sample{str}='Dummy_JJ_1'	51.0	1.2750000000000001	0.0	9.310234148154012e-05	6.391923138042549e-07	0.004995324560521093	4.986162561284651e-06	1.2750000000000001
details.project{str}='Testing Code'	52.0	1.3	0.0	0.00010256479581887104	2.0000244863847952e-06	0.004999850089832537	5.144804579651021e-06	1.3
details.notes{str}='This routine tests generating RSK data, fitting it, plotting it and the fits and the xtracted parameters and then saving the data.'	53.0	1.3250000000000002	0.0	0.00010463695084718748	1.7012218302384526e-06	0.00500573853360427	5.097500631913439e-06	1.3250000000000002
dummy.type{str}='trace'	54.0	1.35	0.0	0.00010633351001792397	1.2871796314580327e-06	0.005001805410205087	5.039445513811318e-06	1.35
dummy.class{str}='stoner_measurement.plugins.trace.dummy:DummyPlugin'	55.0	1.375	0.0	0.00010930537497728812	1.994958921165313e-06	0.0049954651850404545	5.079316775777735e-06	1.375
dummy.instance_name{str}='dummy'	56.0	1.4000000000000001	0.0	0.00011273408980728691	1.5550769194099756e-06	0.004999779658675575	5.100443974934871e-06	1.4000000000000001
dummy.scan_generator.type{str}='FunctionScanGenerator'	57.0	1.425	0.0	0.00011000111758615372	1.98938963908936e-06	0.005001044350730308	5.253705681761758e-06	1.425
dummy.scan_generator.waveform{str}='Triangle'	58.0	1.4500000000000002	0.0	0.00010638969240891215	1.2383467737179295e-06	0.004993797766911696	4.915609802689726e-06	1.4500000000000002
dummy.scan_generator.amplitude{float}=0.002	59.0	1.475	0.0	0.00011140225153831947	1.7731584772141656e-06	0.004995976754488514	5.112814558940837e-06	1.475
dummy.scan_generator.offset{float}=0.0	60.0	1.5	0.0	0.00011089735813985392	1.843795561088515e-06	0.004996918707124621	5.130870098702143e-06	1.5
dummy.scan_generator.phase{float}=0.0	61.0	1.5250000000000001	0.0	0.00010481383273745011	1.7019689479912912e-06	0.005006208787814837	5.193232142769196e-06	1.5250000000000001
dummy.scan_generator.exponent{float}=2.0	62.0	1.55	0.0	0.0001093652968994001	2.1905594869029664e-06	0.005005801635121086	5.604501934181604e-06	1.55
dummy.scan_generator.periods{float}=1.0	63.0	1.5750000000000002	0.0	9.456452554458715e-05	2.0189545057925405e-06	0.0049940723262530545	4.832958608817387e-06	1.5750000000000002
dummy.scan_generator.num_points{int}=501	64.0	1.6	0.0	9.20526599439282e-05	1.3554711216305942e-06	0.005014641026377479	5.0485376707586346e-06	1.6
dummy.scan_generator.units{str}='A'	65.0	1.625	0.0	9.534789525804957e-05	2.0917137337639856e-06	0.005003978549278482	5.2314690809440575e-06	1.625
dummy.report_channel_statistics{bool}=False	66.0	1.6500000000000001	0.0	8.867637700348322e-05	1.975748561028148e-06	0.004999163182514035	4.8733639965472435e-06	1.6500000000000001
dummy.critical_current{str}='0.5E-3*np.abs(np.sinc(counter.value))'	67.0	1.675	0.0	7.702286247369299e-05	1.933151715753895e-06	0.004991772496378603	5.044546542512395e-06	1.675
dummy.normal_resistance{str}='5.0E-3'	68.0	1.7000000000000002	0.0	8.024683879175459e-05	2.2818353215408128e-06	0.004998070883770326	4.9604328980537795e-06	1.7000000000000002
dummy.noise_level{str}='1.0E-7'	69.0	1.725	0.0	7.140440796334093e-05	1.88669353673979e-06	0.004999757025608974	5.126703300238272e-06	1.725
dummy.rounding_level{str}='2.0'	70.0	1.75	0.0	6.424024300702329e-05	2.333426685985995e-06	0.004995327779967043	5.376150436873304e-06	1.75
k6221_dc_iv.type{str}='trace'	71.0	1.7750000000000001	0.0	6.309477804107523e-05	2.4906574702672124e-06	0.005005340041330523	5.269088354246765e-06	1.7750000000000001
k6221_dc_iv.class{str}='stoner_measurement.plugins.trace.k6221_2182a:Keithley6221_2182APlugin'	72.0	1.8	0.0	5.418053378014946e-05	2.1382321510702122e-06	0.005007164979497016	5.169747584810263e-06	1.8
k6221_dc_iv.instance_name{str}='k6221_dc_iv'	73.0	1.8250000000000002	0.0	4.337205582233995e-05	2.4570330563217044e-06	0.00499475668012958	5.005446710459734e-06	1.8250000000000002
k6221_dc_iv.scan_generator.type{str}='FunctionScanGenerator'	74.0	1.85	0.0	4.8798968444076976e-05	2.1997616150908306e-06	0.00500558623547603	4.978828853158924e-06	1.85
k6221_dc_iv.scan_generator.waveform{str}='Sine'	75.0	1.875	0.0	3.637407719426699e-05	1.6740021554613762e-06	0.0049997087032815695	5.2446949471480075e-06	1.875
k6221_dc_iv.scan_generator.amplitude{float}=1.0	76.0	1.9000000000000001	0.0	2.8026011322176665e-05	2.0636308473594408e-06	0.0050031725129718145	5.253581454992976e-06	1.9000000000000001
k6221_dc_iv.scan_generator.offset{float}=0.0	77.0	1.925	0.0	2.2149082603528456e-05	3.431876021067244e-06	0.004989763705022929	5.013990478483558e-06	1.925
k6221_dc_iv.scan_generator.phase{float}=0.0	78.0	1.9500000000000002	0.0	1.7028457202295263e-05	3.2021526958842796e-06	0.005003818800059457	5.2400601292378e-06	1.9500000000000002
k6221_dc_iv.scan_generator.exponent{float}=1.0	79.0	1.975	0.0	1.5488022824507758e-05	4.262672573738563e-06	0.00500312365490268	5.202887126387143e-06	1.975
k6221_dc_iv.scan_generator.periods{float}=1.0	80.0	2.0	0.0	2.3141587760030426e-05	3.037266396196501e-06	0.005003826670037393	5.167005954112403e-06	2.0
k6221_dc_iv.scan_generator.num_points{int}=100	81.0	2.025	0.0	1.5813593935574536e-05	3.9275874843412546e-06	0.005000210844491185	5.0290031533870334e-06	2.025
k6221_dc_iv.scan_generator.units{str}='A'	82.0	2.0500000000000003	0.0	2.0186236821214162e-05	2.832483405477172e-06	0.004997980998863848	4.972627397965932e-06	2.0500000000000003
k6221_dc_iv.report_channel_statistics{bool}=False	83.0	2.075	0.0	2.4942800693370204e-05	1.0032929849188937e-06	0.004988699239676471	4.864439098480567e-06	2.075
k6221_dc_iv.resource_6221{str}='GPIB0::22::INSTR'	84.0	2.1	0.0	2.3699409751042125e-05	2.5689253430231323e-06	0.005004914332568976	4.935994304994968e-06	2.1
k6221_dc_iv.resource_2182a{str}='GPIB0::7::INSTR'	85.0	2.125	0.0	4.1654462164209075e-05	2.886683060593667e-06	0.004997004491535721	5.030953094296964e-06	2.125
k6221_dc_iv.connection_mode{str}='via_6221_serial'	86.0	2.15	0.0	3.268061729384988e-05	7.06192773202294e-07	0.0050031809144199	5.006968004394792e-06	2.15
k6221_dc_iv.compliance_mode{str}='voltage'	87.0	2.1750000000000003	0.0	4.189671045860923e-05	2.840188581731799e-06	0.0049969977770558905	5.043729408817353e-06	2.1750000000000003
k6221_dc_iv.compliance{float}=10.0	88.0	2.2	0.0	4.147202231915198e-05	3.0424531881446136e-06	0.004992598828993252	5.227605434962098e-06	2.2
k6221_dc_iv.compliance_resistance{float}=1000.0	89.0	2.225	0.0	4.024458114494911e-05	1.951107811728541e-06	0.00500137973519652	5.00069762810813e-06	2.225
k6221_dc_iv.source_delay{float}=0.001	90.0	2.25	0.0	4.732660316412534e-05	2.5554742638312073e-06	0.005007169720827725	4.970166259839419e-06	2.25
k6221_dc_iv.source_range_mode{str}='BEST'	91.0	2.275	0.0	5.969345962907829e-05	1.9948225682698614e-06	0.005003423965361553	5.041749164608888e-06	2.275
k6221_dc_iv.source_range{float}=0.001	92.0	2.3000000000000003	0.0	5.7890415662706663e-05	2.4496302518462663e-06	0.004998930341955203	5.154255075240577e-06	2.3000000000000003
k6221_dc_iv.nplc{float}=1.0	93.0	2.325	0.0	6.973068836110829e-05	2.3993118829541027e-06	0.005000021228899199	5.521172448958159e-06	2.325
k6221_dc_iv.voltage_range{float}=0.0	94.0	2.35	0.0	6.349847435491953e-05	2.4072348090414893e-06	0.005000783227587879	5.232439278521364e-06	2.35
k6221_dc_iv.filter_enabled{bool}=False	95.0	2.375	0.0	6.270613925072605e-05	2.499994485310952e-06	0.005002616349479971	5.154286319291193e-06	2.375
k6221_dc_iv.filter_count{int}=10	96.0	2.4000000000000004	0.0	6.792812962625116e-05	2.481925249676368e-06	0.00500644311494935	5.108312852695227e-06	2.4000000000000004
k6221_dc_iv.analog_filter{bool}=False	97.0	2.4250000000000003	0.0	5.988264823725668e-05	1.9617745795861945e-06	0.005002113451177987	5.094667060729626e-06	2.4250000000000003
k6221_dc_iv.relative_enabled{bool}=False	98.0	2.45	0.0	7.541778137857737e-05	2.214647056616029e-06	0.005008469793586842	5.10153134266354e-06	2.45
k6221_dc_iv.digits{int}=6	99.0	2.475	0.0	6.511247111727351e-05	2.0636110044663972e-06	0.0050019179120338745	5.2040561002038565e-06	2.475
k6221_dc_iv.output_tlink{int}=1	100.0	2.5	0.0	6.40842746888143e-05	2.1775725364055903e-06	0.004996667380700652	4.95129777112395e-06	2.5
k6221_dc_iv.input_tlink{int}=2	101.0	2.475	1.0	6.805607098241243e-05	2.5590989020453165e-06	0.004997218443856715	5.294106993555824e-06	2.475
plot_clear.type{str}='command'	102.0	2.45	1.0	6.471192822040651e-05	2.0669968628544095e-06	0.004994787900770397	4.9797689257350315e-06	2.45
plot_clear.class{str}='stoner_measurement.plugins.command.plot_clear:PlotClearCommand'	103.0	2.425	1.0	7.153518906108516e-05	1.865800052754688e-06	0.004998216148097986	5.160844151278451e-06	2.425
plot_clear.instance_name{str}='plot_clear'	104.0	2.4	1.0	6.86781910174578e-05	2.453524715536957e-06	0.004994992175181972	5.258492048854507e-06	2.4
plot_points.type{str}='command'	105.0	2.375	1.0	6.253326365090758e-05	2.558405820754883e-06	0.004997542268449724	5.2155975975050495e-06	2.375
plot_points.class{str}='stoner_measurement.plugins.command.plot_points:PlotPointsCommand'	106.0	2.35	1.0	6.14620785286496e-05	1.0611927308172225e-06	0.00499844472452891	4.6717266165621475e-06	2.35
plot_points.instance_name{str}='plot_points'	107.0	2.325	1.0	5.8744138660772926e-05	2.268530546243818e-06	0.004997616457357156	5.1310362820779615e-06	2.325
plot_points.x_key{str}='counter:Value'	108.0	2.3	1.0	5.355089047088993e-05	2.133538744290746e-06	0.005004262471942111	4.771610841208637e-06	2.3
plot_points.x_axis_name{str}='top'	109.0	2.275	1.0	5.8935266174488453e-05	2.1103886504615964e-06	0.00500070708303383	4.867548149328837e-06	2.275
plot_points.y_entries[0].key{str}='curve_fit:Ic'	110.0	2.25	1.0	5.424665705095292e-05	2.21062335229389e-06	0.004993553430697897	5.383254664485301e-06	2.25
plot_points.y_entries[0].label{str}='Ic'	111.0	2.225	1.0	4.7788507270067325e-05	2.518399959538784e-06	0.0050005839551485924	5.0921817680078334e-06	2.225
plot_points.y_entries[0].y_axis{str}='left'	112.0	2.2	1.0	5.267764340553274e-05	2.3690270774892293e-06	0.004999855481838286	4.871993154184781e-06	2.2
plot_points.y_entries[1].key{str}='curve_fit:Rn'	113.0	2.175	1.0	4.471800088322634e-05	1.9786126692497753e-06	0.00500113941792769	4.987597877447884e-06	2.175
plot_points.y_entries[1].label{str}='Rn'	114.0	2.15	1.0	3.478334880266602e-05	2.6225193120775565e-06	0.0050022011265406265	5.202491054457078e-06	2.15
plot_points.y_entries[1].y_axis{str}='right'	115.0	2.125	1.0	2.8774343525036463e-05	4.2588140876177275e-07	0.005004624111688067	5.057959441522026e-06	2.125
plot_trace.type{str}='command'	116.0	2.1	1.0	2.7350308335780615e-05	2.4660392833426728e-06	0.004997399614377845	4.9849183809310515e-06	2.1
plot_trace.class{str}='stoner_measurement.plugins.command.plot_trace:PlotTraceCommand'	117.0	2.075	1.0	2.161629528601611e-05	3.7228028203261645e-07	0.005003611216857779	4.812825374021494e-06	2.075
plot_trace.instance_name{str}='plot_trace'	118.0	2.05	1.0	2.8800009720666104e-05	3.339503131760474e-06	0.005003544399125436	5.07188017034368e-06	2.05
plot_trace.trace_key{str}='dummy:Dummy'	119.0	2.025	1.0	6.272402783947785e-06	5.506522510619336e-06	0.005002318985838793	4.821391638845096e-06	2.025
plot_trace.column_key{str}=''	120.0	2.0	1.0	1.960299227173446e-05	3.1240244384168825e-06	0.004995918309372296	4.837451808926507e-06	2.0
plot_trace.transpose{bool}=True	121.0	1.975	1.0	1.9207463087092155e-05	3.465835646490013e-06	0.004999798300397299	5.026833981655785e-06	1.975
plot_trace.advanced_mode{bool}=False	122.0	1.95	1.0	1.6060994702463825e-05	3.7509440145372808e-06	0.00500099379083886	5.005934880590559e-06	1.95
plot_trace.x_expr{str}="dummy.data['Dummy'].x"	123.0	1.9249999999999998	1.0	1.4395243934967254e-05	3.090157285531854e-06	0.005002103378490296	5.079944828599748e-06	1.9249999999999998
plot_trace.y_expr{str}="dummy.data['Dummy'].x"	124.0	1.9	1.0	3.2765283064952224e-05	1.3196561210646754e-07	0.005000451113845616	4.891793802888934e-06	1.9
plot_trace.title_expr{str}="'plot'"	125.0	1.875	1.0	4.120344301734774e-05	1.126452012220168e-06	0.0050025758444373755	5.2706442069661025e-06	1.875
plot_trace.x_axis_name{str}='bottom'	126.0	1.85	1.0	4.200707344155463e-05	2.6577557208926458e-06	0.004989992856100727	4.75571460794835e-06	1.85
plot_trace.y_axis_name{str}='left'	127.0	1.825	1.0	5.1761921462740104e-05	2.755054126263662e-06	0.00500129241146614	5.287802108521928e-06	1.825
save.type{str}='command'	128.0	1.7999999999999998	1.0	5.4656152449701e-05	1.989725427793056e-06	0.0049976915001440575	5.18359477108299e-06	1.7999999999999998
save.class{str}='stoner_measurement.plugins.command.save:SaveCommand'	129.0	1.775	1.0	5.9430402157499906e-05	1.9918828718100517e-06	0.0049993652763095165	4.857698071194836e-06	1.775
save.instance_name{str}='save'	130.0	1.75	1.0	6.916502779080962e-05	2.309819394632335e-06	0.004996933381107811	5.106040048833751e-06	1.75
save.path_expr{str}="'output2.txt'"	131.0	1.725	1.0	7.23320458542485e-05	1.5145258812370068e-06	0.004997127706036067	4.856681322166422e-06	1.725
save.save_mode{str}='data'	132.0	1.7	1.0	7.540561489479601e-05	2.2299634144109464e-06	0.004996872367984211	5.120740148126779e-06	1.7
save.data_source{str}='counter'	133.0	1.6749999999999998	1.0	8.318878795585528e-05	1.9925639721114792e-06	0.0049948006229518825	5.217710059100101e-06	1.6749999999999998
save.no_overwrite{bool}=True	134.0	1.65	1.0	8.667556485457852e-05	2.2775278873477945e-06	0.004997152525116771	5.057741319342514e-06	1.65
status.type{str}='command'	135.0	1.625	1.0	9.429577734060251e-05	2.117951221321902e-06	0.004999022612409456	5.0097653390161805e-06	1.625
status.class{str}='stoner_measurement.plugins.command.status:StatusCommand'	136.0	1.6	1.0	9.798280202843195e-05	1.6539980446905346e-06	0.005004002924267475	5.155760060960107e-06	1.6
status.instance_name{str}='status'	137.0	1.575	1.0	0.00010273714335596722	2.088199975366684e-06	0.005004335453130882	5.429523105581362e-06	1.575
status.status_expr{str}="'Ready'"	138.0	1.5499999999999998	1.0	0.00010087491063310736	2.19332232218186e-06	0.0049997517768774055	5.19832214816456e-06	1.5499999999999998
sweep_time.type{str}='state_sweep'	139.0	1.525	1.0	0.00010804925151444814	2.200891724958991e-06	0.0049964226174908635	5.305524135945747e-06	1.525
sweep_time.class{str}='stoner_measurement.plugins.state_sweep.sweep_time:SweepTimePlugin'	140.0	1.5	1.0	0.00010587370637359234	1.4088793614881948e-06	0.0050008904869499275	4.974807575158132e-06	1.5
sweep_time.instance_name{str}='sweep_time'	141.0	1.4749999999999999	1.0	0.00011299688648183149	1.5154287677688209e-06	0.005004723741862011	5.1551429744629054e-06	1.4749999999999999
sweep_time.collect_data{bool}=False	142.0	1.45	1.0	0.0001099625637256353	1.962465487997968e-06	0.005003588481210185	5.173477973515728e-06	1.45
sweep_time.clear_on_start{bool}=True	143.0	1.425	1.0	0.00011080160976325631	1.8124447931002347e-06	0.005009229587059102	5.0250987165470575e-06	1.425
sweep_time.collect_filter{str}='sweep_time.meas_flag'	144.0	1.4	1.0	0.00011089453219100241	1.8055947549147223e-06	0.005003151665638026	5.030563705389297e-06	1.4
sweep_time.clear_filter{str}='True'	145.0	1.375	1.0	0.00010888736681831855	2.1468564345485253e-06	0.004995782740518839	5.361250508698652e-06	1.375
sweep_time.collect_outputs{NoneType}=None	146.0	1.3499999999999999	1.0	0.00010809369323639962	2.200276036361777e-06	0.005002367688363647	5.321366987167628e-06	1.3499999999999999
sweep_time.sweep_generator.type{str}='MonitorAndFilterSweepGenerator'	147.0	1.325	1.0	0.00010728516715599663	7.550798598119005e-07	0.005000576568557161	4.9345762051641034e-06	1.325
sweep_time.sweep_generator.rows[0][0]{str}=''	148.0	1.2999999999999998	1.0	0.00010046850513220892	2.262814714902534e-06	0.005003700959577387	5.277612616502417e-06	1.2999999999999998
sweep_time.sweep_generator.rows[0][1]{bool}=False	149.0	1.275	1.0	9.740997466125978e-05	1.6952903033699854e-06	0.00500484888572272	4.951207072746999e-06	1.275
sweep_time.sweep_generator.rows[0][2]{float}=0.0	150.0	1.25	1.0	9.152724916654934e-05	1.4951130633311515e-06	0.004999656601560631	4.931294856295788e-06	1.25
sweep_time.sweep_generator.timeout{float}=1.0	151.0	1.2249999999999999	1.0	8.774269893214327e-05	2.3028831975195505e-06	0.0050008070668119105	5.38806267743396e-06	1.2249999999999999
sweep_time.sweep_generator.termination_condition{str}=''	152.0	1.2	1.0	8.457502989927238e-05	1.6267457322592697e-06	0.0050052786843812	5.0368330396451866e-06	1.2
sweep_time.sweep_generator.poll_seconds{float}=0.05	153.0	1.1749999999999998	1.0	7.519107261066022e-05	2.1681125307495792e-06	0.005000666768455729	4.914441624766605e-06	1.1749999999999998
sweep_time.sweep_timeout_factor{float}=2.0	154.0	1.15	1.0	6.212762097860518e-05	2.532191793166138e-06	0.004998426713112408	5.042546018990216e-06	1.15
wait.type{str}='command'	155.0	1.125	1.0	5.8631916144516974e-05	2.2225132443246496e-06	0.005003816156226889	4.980703867561434e-06	1.125
wait.class{str}='stoner_measurement.plugins.command.wait:WaitCommand'	156.0	1.0999999999999999	1.0	4.9547406707049676e-05	1.9410527189529453e-06	0.005003265719694715	4.965934563004484e-06	1.0999999999999999
wait.instance_name{str}='wait'	157.0	1.075	1.0	4.0712873321930254e-05	1.6698195249167628e-06	0.004997865510754154	5.0966870605521925e-06	1.075
wait.delay_expr{str}='1.0'	158.0	1.0499999999999998	1.0	2.5275725151334458e-05	3.161846714458691e-06	0.004996127706923223	4.6626341841165996e-06	1.0499999999999998
plot_trace_2.type{str}='command'	159.0	1.025	1.0	2.1632096729549445e-05	3.551825238860245e-06	0.00500337068126104	4.8809882649111924e-06	1.025
plot_trace_2.class{str}='stoner_measurement.plugins.command.plot_trace:PlotTraceCommand'	160.0	1.0	1.0	8.281446809630235e-06	5.08911851736163e-06	0.005004394239321427	5.0391266114732464e-06	1.0
plot_trace_2.instance_name{str}='plot_trace_2'	161.0	0.9749999999999999	1.0	2.1026608483868474e-05	1.9278135483592237e-06	0.00500463681703492	4.710488037624897e-06	0.9749999999999999
plot_trace_2.trace_key{str}='curve_fit:initial_fit'	162.0	0.95	1.0	2.5192573912977653e-05	3.4591310855570165e-06	0.005006847184750271	5.066002905076116e-06	0.95
plot_trace_2.column_key{str}=''	163.0	0.9249999999999998	1.0	4.375806975465638e-05	2.4055336154538667e-06	0.004995974144889779	5.139868357914983e-06	0.9249999999999998
plot_trace_2.transpose{bool}=True	164.0	0.8999999999999999	1.0	6.22399363839413e-05	2.5426736235347793e-06	0.005009766930842503	5.106219223434611e-06	0.8999999999999999
plot_trace_2.advanced_mode{bool}=False	165.0	0.875	1.0	7.088767992089724e-05	1.9914124523745118e-06	0.0050008425894342845	5.084918040258904e-06	0.875
plot_trace_2.x_expr{str}="dummy.data['Dummy'].x"	166.0	0.8499999999999999	1.0	9.504877499749554e-05	2.1874315568399404e-06	0.005001004308242847	5.377367696273434e-06	0.8499999999999999
plot_trace_2.y_expr{str}="dummy.data['Dummy'].x"	167.0	0.825	1.0	0.00010213097781723763	2.029161981484897e-06	0.005004128017738115	5.1034787381481275e-06	0.825
plot_trace_2.title_expr{str}="'plot'"	168.0	0.7999999999999998	1.0	0.00011314432741280555	1.5921514008599784e-06	0.005004205142033183	5.534671281988025e-06	0.7999999999999998
plot_trace_2.x_axis_name{str}='bottom'	169.0	0.7749999999999999	1.0	0.00013585351046377738	1.5711270107187371e-06	0.005007991353501121	5.063009664617586e-06	0.7749999999999999
plot_trace_2.y_axis_name{str}='left'	170.0	0.75	1.0	0.00015224033884176313	1.5739164525328606e-06	0.005004160528285745	4.982623191463774e-06	0.75
plot_trace_3.type{str}='command'	171.0	0.7249999999999999	1.0	0.0001698075655402879	1.752361531812025e-06	0.004999408873049763	5.568408746384412e-06	0.7249999999999999
plot_trace_3.class{str}='stoner_measurement.plugins.command.plot_trace:PlotTraceCommand'	172.0	0.7	1.0	0.00018660330576099348	1.931827302672749e-06	0.005000292868077417	5.807575872285638e-06	0.7
plot_trace_3.instance_name{str}='plot_trace_3'	173.0	0.6749999999999998	1.0	0.00020749203830202592	1.655908730754375e-06	0.005002087000895912	5.295358804581298e-06	0.6749999999999998
plot_trace_3.trace_key{str}='curve_fit:best_fit'	174.0	0.6499999999999999	1.0	0.0002230636425386979	1.2484662290422794e-06	0.0050028905662778045	5.444031717834946e-06	0.6499999999999999
plot_trace_3.column_key{str}=''	175.0	0.625	1.0	0.00023515897847552238	9.59544953317845e-07	0.005005324449199334	5.215302287351448e-06	0.625
plot_trace_3.transpose{bool}=True	176.0	0.5999999999999999	1.0	0.0002523246592525713	1.5743225506339338e-06	0.005002372777554307	5.664999227744962e-06	0.5999999999999999
plot_trace_3.advanced_mode{bool}=False	177.0	0.575	1.0	0.00027304733126073575	1.55036819699847e-06	0.005005623008190374	5.339728357414561e-06	0.575
plot_trace_3.x_expr{str}="dummy.data['Dummy'].x"	178.0	0.5499999999999998	1.0	0.0002868302589456068	1.557486092660991e-06	0.005001345913302604	5.72914699945241e-06	0.5499999999999998
plot_trace_3.y_expr{str}="dummy.data['Dummy'].x"	179.0	0.5249999999999999	1.0	0.00030479823665456563	1.0293102630994649e-06	0.004988757077537703	5.33741830951715e-06	0.5249999999999999
plot_trace_3.title_expr{str}="'plot'"	180.0	0.5	1.0	0.00031854232713929954	8.43135629412632e-07	0.004998474731018308	5.418058460815161e-06	0.5
plot_trace_3.x_axis_name{str}='bottom'	181.0	0.4750000000000001	1.0	0.00033570039724686596	1.5968013123444815e-06	0.005009209548865498	5.990533237857572e-06	0.4750000000000001
plot_trace_3.y_axis_name{str}='left'	182.0	0.44999999999999973	1.0	0.00035016656012559495	1.4861463508836788e-06	0.005009792582142148	5.833477802121454e-06	0.44999999999999973
curve_fit:Ic{float}=0.0005019562962150586	183.0	0.4249999999999998	1.0	0.0003634509530141185	1.4304141110719802e-06	0.005001416327753982	5.655902407432234e-06	0.4249999999999998
curve_fit:Ic_err{float}=1.1425092714035457e-06	184.0	0.3999999999999999	1.0	0.0003794052030661335	1.326509474961609e-06	0.004998566239784874	5.655208694925322e-06	0.3999999999999999
curve_fit:Rn{float}=0.004998267005094942	185.0	0.375	1.0	0.00039704958477021544	1.1846637885268208e-06	0.004998115867529955	6.009441151459791e-06	0.375
curve_fit:Rn_err{float}=6.049096022623869e-06	186.0	0.3500000000000001	1.0	0.00040294158218257594	1.5241477870956382e-06	0.004997698512992693	5.966443918466681e-06	0.3500000000000001
counter:Value{float}=0.0	187.0	0.32499999999999973	1.0	0.00042125260237660535	1.4409706471727638e-06	0.005000262176996061	6.222777222934755e-06	0.32499999999999973
	188.0	0.2999999999999998	1.0	0.00043529170220530164	1.4025494820330506e-06	0.005014832065136967	6.048446925574694e-06	0.2999999999999998
	189.0	0.2749999999999999	1.0	0.00044197380153863756	9.77135174214066e-07	0.00499928328696824	5.562363580169729e-06	0.2749999999999999
	190.0	0.25	1.0	0.00045238989700092903	1.2787344326606877e-06	0.005005477058269041	5.891681340359482e-06	0.25
	191.0	0.2250000000000001	1.0	0.0004630758942972137	1.4737790965234392e-06	0.004995720562857056	6.190596616885181e-06	0.2250000000000001
	192.0	0.19999999999999973	1.0	0.0004664613914806366	1.381017568776818e-06	0.004988381663878122	6.21947746032516e-06	0.19999999999999973
	193.0	0.17499999999999982	1.0	0.00047769630091654114	1.516290146007681e-06	0.005005067640593596	6.377653988993268e-06	0.17499999999999982
	194.0	0.1499999999999999	1.0	0.00048579001373886014	1.1384061379607777e-06	0.005000499930215535	5.873898524419791e-06	0.1499999999999999
	195.0	0.125	1.0	0.0004890387345747796	9.103864465627041e-07	0.004996326677994739	5.816670814204836e-06	0.125
	196.0	0.09999999999999964	1.0	0.0004942894609213106	1.4658573991420425e-06	0.005006989991141289	6.34906248222649e-06	0.09999999999999964
	197.0	0.07499999999999973	1.0	0.0004956858965949161	1.4059368678907896e-06	0.005001705148050762	6.240104436462566e-06	0.07499999999999973
	198.0	0.04999999999999982	1.0	0.000502183050200749	1.1447008565697812e-06	0.004996254750612607	6.120339715630405e-06	0.04999999999999982
	199.0	0.02499999999999991	1.0	0.0004988102915085066	1.3056674621831387e-06	0.005003427911448352	6.219933373681267e-06	0.02499999999999991
	200.0	0.0	1.0	0.0004996379919937679	1.264039546065689e-06	0.00501261430843347	6.17498187375898e-06	0.0
	201.0	-0.025000000000000355	1.0	0.0005005394281748677	1.1761259977333033e-06	0.0050080424213840655	5.906973277993275e-06	-0.025000000000000355
	202.0	-0.050000000000000266	1.0	0.0004991318361570839	1.2810326972867183e-06	0.004996096092943186	6.147204884690276e-06	-0.050000000000000266
	203.0	-0.07500000000000018	1.0	0.0005001469081490352	1.2638210563477384e-06	0.0049944130802321565	6.248190226636192e-06	-0.07500000000000018
	204.0	-0.10000000000000009	1.0	0.0004941660885763124	1.5027191352600043e-06	0.005003374759362572	6.49017614712346e-06	-0.10000000000000009
	205.0	-0.125	1.0	0.0004882122060568431	1.0021868747328812e-06	0.005003432761920067	5.943060900341473e-06	-0.125
	206.0	-0.15000000000000036	1.0	0.0004843533851488811	1.2770861466267959e-06	0.004998286717015925	6.242823943806118e-06	-0.15000000000000036
	207.0	-0.17500000000000027	1.0	0.00047682923690904496	1.494552439628289e-06	0.0049960439939453795	6.18791550910201e-06	-0.17500000000000027
	208.0	-0.20000000000000018	1.0	0.00046767530722679557	1.2723348465607115e-06	0.005007673431552243	5.940999458110824e-06	-0.20000000000000018
	209.0	-0.2250000000000001	1.0	0.0004569223317400348	1.0191360215107389e-06	0.0049986619768823	5.781461250277532e-06	-0.2250000000000001
	210.0	-0.25	1.0	0.0004492037771045708	1.4227801115522597e-06	0.004992328267488384	6.046292874316923e-06	-0.25
	211.0	-0.27500000000000036	1.0	0.0004441166760185706	7.397510647441304e-07	0.005000915232618297	5.745077489034986e-06	-0.27500000000000036
	212.0	-0.30000000000000027	1.0	0.0004262751028050086	1.0642959048568711e-06	0.004993846802970179	5.622464641712656e-06	-0.30000000000000027
	213.0	-0.3250000000000002	1.0	0.0004186728593151142	1.5036177312387537e-06	0.00500570433020947	6.12801816274858e-06	-0.3250000000000002
	214.0	-0.3500000000000001	1.0	0.00040689835409203677	1.3689234460617178e-06	0.005011379344103672	5.870381587964003e-06	-0.3500000000000001
	215.0	-0.375	1.0	0.00039140140624207225	1.3956061308141313e-06	0.005001688353663396	5.706601999805149e-06	-0.375
	216.0	-0.40000000000000036	1.0	0.00037762164227230947	1.4391407511221282e-06	0.004999110019215774	5.831143608488629e-06	-0.40000000000000036
	217.0	-0.42500000000000027	1.0	0.0003666107084646887	1.2825110970543752e-06	0.004994844288131075	5.582072800391546e-06	-0.42500000000000027
	218.0	-0.4500000000000002	1.0	0.00034972138038161466	1.5133782881437944e-06	0.005000354272455856	5.8621054631985015e-06	-0.4500000000000002
	219.0	-0.4750000000000001	1.0	0.0003396325773172793	1.348386662012056e-06	0.00500578842050741	5.691274535320777e-06	-0.4750000000000001
	220.0	-0.5	1.0	0.00032010555085887625	1.7650016159537378e-06	0.005009601934739324	6.168388743185779e-06	-0.5
	221.0	-0.5250000000000004	1.0	0.000302930115476848	1.2440197206104383e-06	0.004996683371867452	5.475736440167089e-06	-0.5250000000000004
	222.0	-0.5500000000000003	1.0	0.00028785539946455535	1.494228744852903e-06	0.004995693871318348	5.6818339342523e-06	-0.5500000000000003
	223.0	-0.5750000000000002	1.0	0.0002729699528096058	1.6090806728458668e-06	0.005006468727667272	5.532132245737307e-06	-0.5750000000000002
	224.0	-0.6000000000000001	1.0	0.0002522775557953277	1.5593589327959862e-06	0.005001134011987553	5.599866180218774e-06	-0.6000000000000001
	225.0	-0.625	1.0	0.00023864908049444394	1.7316453422363508e-06	0.005007299257885209	5.673707252725396e-06	-0.625
	226.0	-0.6500000000000004	1.0	0.0002188929596446502	1.6000671354538303e-06	0.004996793194584438	5.376888581889671e-06	-0.6500000000000004
	227.0	-0.6750000000000003	1.0	0.00020241796683372106	1.1833276093339676e-06	0.004999731233531469	5.132156579321748e-06	-0.6750000000000003
	228.0	-0.7000000000000002	1.0	0.00018817049461669196	1.6956755711064582e-06	0.005005334308036732	5.398953064074397e-06	-0.7000000000000002
	229.0	-0.7250000000000001	1.0	0.0001687111379051685	1.7496323830316894e-06	0.0050015764838038075	5.295083882214709e-06	-0.7250000000000001
	230.0	-0.75	1.0	0.00015016053811743943	1.7070287778400236e-06	0.004998678717541547	4.8744526530328214e-06	-0.75
	231.0	-0.7750000000000004	1.0	0.00013401985189594206	1.8324932246515037e-06	0.005008568647224148	5.252572106161209e-06	-0.7750000000000004
	232.0	-0.8000000000000003	1.0	0.00011348711408657021	1.4213387541078112e-06	0.004991862035557313	5.229980072704207e-06	-0.8000000000000003
	233.0	-0.8250000000000002	1.0	0.00010153148464328715	2.1179122248151464e-06	0.005005739358814551	5.174042817342624e-06	-0.8250000000000002
	234.0	-0.8500000000000001	1.0	8.378121792141422e-05	1.687809651000287e-06	0.004992791912736074	4.6843684400589224e-06	-0.8500000000000001
	235.0	-0.875	1.0	7.692353240163234e-05	2.0577113658854745e-06	0.0050065367824481816	5.337044304425887e-06	-0.875
	236.0	-0.9000000000000004	1.0	5.856471714643369e-05	2.1955287768869737e-06	0.004998236415029241	4.8854787729566345e-06	-0.9000000000000004
	237.0	-0.9250000000000003	1.0	4.246590876856714e-05	2.7610100029764587e-06	0.004999067331284723	5.1426061119908764e-06	-0.9250000000000003
	238.0	-0.9500000000000002	1.0	3.802338688717659e-05	2.7491185650377632e-06	0.0050008816145526	4.9776499399098095e-06	-0.9500000000000002
	239.0	-0.9750000000000001	1.0	1.3462853351824732e-05	3.887426917202353e-06	0.0049986086886644075	4.998002724909288e-06	-0.9750000000000001
	240.0	-1.0	1.0	9.25216920956013e-06	3.8494588370694845e-06	0.004994040878245287	5.0449946651584955e-06	-1.0
	241.0	-1.0250000000000004	1.0	1.3894369732421521e-05	3.652918980383576e-06	0.0050030448310290215	5.1872004093367246e-06	-1.0250000000000004
	242.0	-1.0500000000000003	1.0	3.3334577400928525e-05	2.9388564612313292e-06	0.004999422209587272	4.912156759365733e-06	-1.0500000000000003
	243.0	-1.0750000000000002	1.0	3.6992041671911724e-05	3.0435019060489374e-06	0.004998096641698969	5.034050393041801e-06	-1.0750000000000002
	244.0	-1.1	1.0	5.14334448708198e-05	2.724584527420272e-06	0.004995160656837457	5.108565930183243e-06	-1.1
	245.0	-1.125	1.0	6.221737090919189e-05	2.503889478351776e-06	0.005007323858154756	5.019296642004696e-06	-1.125
	246.0	-1.1500000000000004	1.0	6.332153108890777e-05	2.434623464745323e-06	0.005004567026538867	5.229414624927272e-06	-1.1500000000000004
	247.0	-1.1750000000000003	1.0	7.0625116352057e-05	2.0578685974817345e-06	0.004990035860733016	5.104441792215795e-06	-1.1750000000000003
	248.0	-1.2000000000000002	1.0	7.750079487266317e-05	1.873446821760352e-06	0.005004921455191155	5.172171882864564e-06	-1.2000000000000002
	249.0	-1.225	1.0	8.066808434996398e-05	2.162976041634587e-06	0.005001805901827867	4.804499992074564e-06	-1.225
	250.0	-1.25	1.0	8.868169204972463e-05	2.123715501258759e-06	0.0050034003306365085	5.246108721732329e-06	-1.25
	251.0	-1.2750000000000004	1.0	9.641096544990316e-05	1.9324847470726957e-06	0.005004395004361735	5.176880537102433e-06	-1.2750000000000004
	252.0	-1.3000000000000003	1.0	0.00010094211458525641	2.1514143195378894e-06	0.005001829619531192	5.115899764671108e-06	-1.3000000000000003
	253.0	-1.3250000000000002	1.0	0.00010041275510521655	2.1209845231169227e-06	0.0050041463015723184	4.9363258122862875e-06	-1.3250000000000002
	254.0	-1.35	1.0	0.00010846350981186397	2.0412066546329172e-06	0.004999403276627776	5.008157528961619e-06	-1.35
	255.0	-1.375	1.0	0.00010446701037025117	1.705614933672484e-06	0.004993659789926825	5.014916204527012e-06	-1.375
	256.0	-1.4000000000000004	1.0	0.00010996523496402082	1.7612689592410424e-06	0.005000283939124362	4.640621940924082e-06	-1.4000000000000004
	257.0	-1.4250000000000003	1.0	0.00011075950551756731	2.0401785876490673e-06	0.004998215379046771	5.628906575730541e-06	-1.4250000000000003
	258.0	-1.4500000000000002	1.0	0.00010909580122120298	2.0287257179384987e-06	0.0050013060865078006	5.12078053413234e-06	-1.4500000000000002
	259.0	-1.475	1.0	0.00010911263612219018	1.9787869962211788e-06	0.004998531612826014	4.994928927828601e-06	-1.475
	260.0	-1.5	1.0	0.00011354221753972185	1.3487627700349085e-06	0.004998931820233844	5.02608846479576e-06	-1.5
	261.0	-1.5250000000000004	1.0	0.00010531006714803439	1.639898346770654e-06	0.005010550032891427	5.309070956136548e-06	-1.5250000000000004
	262.0	-1.5499999999999998	1.0	0.0001045891905358899	1.662054530036981e-06	0.004998237412361071	4.9473546506781844e-06	-1.5499999999999998
	263.0	-1.5750000000000002	1.0	0.00010096517642088225	2.1106338670500426e-06	0.004991047791297441	5.012770093094728e-06	-1.5750000000000002
	264.0	-1.6000000000000005	1.0	9.775050720413456e-05	1.6760826818746095e-06	0.005000571539360603	5.07539906609365e-06	-1.6000000000000005
	265.0	-1.625	1.0	9.079328500612177e-05	1.7257109757714464e-06	0.0049925014663390966	5.092537625282649e-06	-1.625
	266.0	-1.6500000000000004	1.0	8.900174189133531e-05	2.083669416783827e-06	0.005003182849608281	5.253055082945649e-06	-1.6500000000000004
	267.0	-1.6749999999999998	1.0	8.013826932736202e-05	2.4132478844116547e-06	0.004997678225796879	5.219783408919089e-06	-1.6749999999999998
	268.0	-1.7000000000000002	1.0	7.157489877605433e-05	1.8381062343209058e-06	0.005007084530231718	5.121687537923602e-06	-1.7000000000000002
	269.0	-1.7250000000000005	1.0	6.768968340900924e-05	2.422116181099207e-07	0.004988102362264319	4.794584556941589e-06	-1.7250000000000005
	270.0	-1.75	1.0	7.032884924765556e-05	2.1391652110854266e-06	0.004998962690083291	5.170911242512823e-06	-1.75
	271.0	-1.7750000000000004	1.0	6.264931652023132e-05	2.3902624784381255e-06	0.005001732381149751	4.910336415019452e-06	-1.7750000000000004
	272.0	-1.7999999999999998	1.0	5.592154345548411e-05	1.2546006686536171e-06	0.005003024065384885	5.123716905531094e-06	-1.7999999999999998
	273.0	-1.8250000000000002	1.0	4.9313217625977474e-05	2.0670712590003703e-06	0.005005721683098425	5.058641003102576e-06	-1.8250000000000002
	274.0	-1.8500000000000005	1.0	4.160728941106005e-05	3.08921015464112e-06	0.004998512886346328	5.36777004724803e-06	-1.8500000000000005
	275.0	-1.875	1.0	3.913206085939901e-05	2.5151523039861017e-06	0.004991889028005463	5.167999740138575e-06	-1.875
	276.0	-1.9000000000000004	1.0	2.4940186514694353e-05	1.0172824282942489e-06	0.004998709488358706	4.889908488154605e-06	-1.9000000000000004
	277.0	-1.9249999999999998	1.0	1.6194028031554926e-05	3.7307333484551256e-06	0.005011094848383996	5.116246863188727e-06	-1.9249999999999998
	278.0	-1.9500000000000002	1.0	1.5781379227733526e-05	4.041903033012209e-06	0.004997068470862114	5.1471444602495445e-06	-1.9500000000000002
	279.0	-1.9750000000000005	1.0	1.843211796780445e-05	4.010636100192747e-06	0.004996633095532659	5.201576037060077e-06	-1.9750000000000005
	280.0	-2.0	1.0	1.5880478585455005e-05	3.8029397234396946e-06	0.004998676466748646	4.927411956186674e-06	-2.0
	281.0	-2.0250000000000004	1.0	1.5960002519326927e-05	4.082765683172057e-06	0.00499019513860896	5.346136449699295e-06	-2.0250000000000004
	282.0	-2.05	1.0	1.8432044981990588e-05	3.7460017921987516e-06	0.005001468616803591	4.863034881838122e-06	-2.05
	283.0	-2.075	1.0	3.096553547765714e-05	2.451820461491528e-06	0.0050019703735496674	4.904532276869761e-06	-2.075
	284.0	-2.1000000000000005	1.0	3.305122652086909e-05	3.088613704009865e-06	0.004994870043376466	5.020914117742697e-06	-2.1000000000000005
	285.0	-2.125	1.0	2.5568175490859667e-05	3.3855760032732165e-06	0.005003331968640734	5.1690989239606326e-06	-2.125
	286.0	-2.1500000000000004	1.0	3.698260746788705e-05	2.2740543446382402e-07	0.00499780692369514	4.995348752099051e-06	-2.1500000000000004
	287.0	-2.175	1.0	2.9929070213697497e-05	3.075216075923648e-06	0.004994149723284638	5.255445499791344e-06	-2.175
	288.0	-2.2	1.0	4.140030652524953e-05	5.517932190410376e-07	0.005000060754747128	4.8260050642610824e-06	-2.2
	289.0	-2.2250000000000005	1.0	4.355853852713049e-05	2.3156879464115142e-06	0.004997391086631426	4.825785114464373e-06	-2.2250000000000005
	290.0	-2.25	1.0	5.83705704470553e-05	2.3189403034841845e-06	0.005006364133021616	5.079710459622853e-06	-2.25
	291.0	-2.2750000000000004	1.0	4.970521995556887e-05	1.995355709628037e-06	0.00499884592560814	5.276295867186238e-06	-2.2750000000000004
	292.0	-2.3000000000000007	1.0	5.70298437213976e-05	2.3898307743885594e-06	0.004996055011382726	4.73041965383939e-06	-2.3000000000000007
	293.0	-2.325	1.0	5.842363689668151e-05	2.1991364397049554e-06	0.005005587655853413	4.838680513093791e-06	-2.325
	294.0	-2.3500000000000005	1.0	6.90743588592982e-05	2.374060283661915e-06	0.004999379611189907	5.220091040880495e-06	-2.3500000000000005
	295.0	-2.375	1.0	6.334819350067667e-05	2.308627034874614e-06	0.005004040342319908	4.968451600305029e-06	-2.375
	296.0	-2.4000000000000004	1.0	6.690721278434879e-05	1.3326473739682816e-06	0.004991535401804871	5.0145154727394405e-06	-2.4000000000000004
	297.0	-2.4250000000000007	1.0	6.35466034516462e-05	2.356282427217608e-06	0.005000132669107662	5.139864473225442e-06	-2.4250000000000007
	298.0	-2.45	1.0	6.52873645004588e-05	1.989917380019338e-06	0.005001195638025027	5.124067559633889e-06	-2.45
	299.0	-2.4750000000000005	1.0	6.565796005106379e-05	1.867292018274752e-06	0.004994932719955894	5.061892637145634e-06	-2.4750000000000005
	300.0	-2.5	1.0	6.412766005074367e-05	2.1866293612841284e-06	0.004999877073444395	4.993335395690204e-06	-2.5
	301.0	-2.475	2.0	6.47190274012918e-05	2.039300497818396e-06	0.004999494245162138	4.918706336625118e-06	-2.475
	302.0	-2.45	2.0	7.026402091966103e-05	2.105447257539364e-06	0.005012128470412323	5.072765427453964e-06	-2.45
	303.0	-2.425	2.0	6.947895589472145e-05	2.1205039825662603e-06	0.0049919663691229835	4.785878894388826e-06	-2.425
	304.0	-2.4	2.0	6.519073317543373e-05	2.0118894950753888e-06	0.00500210477617216	5.1230030302420415e-06	-2.4
	305.0	-2.375	2.0	6.530941756446043e-05	2.0343403814998985e-06	0.005003340885005398	5.256856285724403e-06	-2.375
	306.0	-2.35	2.0	6.352807046640014e-05	2.2715158901265874e-06	0.00500091853650384	4.948366490545951e-06	-2.35
	307.0	-2.325	2.0	5.7497855509950664e-05	2.454229856022519e-06	0.004998573526167744	5.015341485501585e-06	-2.325
	308.0	-2.3	2.0	6.217269354950099e-05	2.589904997822079e-06	0.004993965804200908	5.164838034229435e-06	-2.3
	309.0	-2.275	2.0	5.396210399993346e-05	2.1363342854608464e-06	0.004990862973711548	4.995074603722222e-06	-2.275
	310.0	-2.25	2.0	5.1514895298618074e-05	2.679033040202313e-06	0.004995984102544866	5.049228781434285e-06	-2.25
	311.0	-2.225	2.0	4.947402417442791e-05	1.959131847053192e-06	0.005004124686646711	4.941531380196255e-06	-2.225
	312.0	-2.2	2.0	4.624766569821917e-05	2.967686420939194e-06	0.005003526287374439	5.3163084638164594e-06	-2.2
	313.0	-2.175	2.0	3.388729867490623e-05	2.921251923902058e-06	0.004996974095797269	5.158824065668153e-06	-2.175
	314.0	-2.15	2.0	3.2768006553396194e-05	3.2081592749067034e-06	0.0050012133265204435	5.092611228106634e-06	-2.15
	315.0	-2.125	2.0	3.103554495328377e-05	2.504215408780326e-06	0.0050061054719699825	5.08195965610519e-06	-2.125
	316.0	-2.1	2.0	3.389229775863971e-05	2.743887456307233e-06	0.005002989992869491	4.858378090725815e-06	-2.1
	317.0	-2.075	2.0	2.5547462657973206e-05	3.422372783726118e-06	0.004995724349193477	5.201830248123511e-06	-2.075
	318.0	-2.05	2.0	1.4531312415064098e-05	2.9418980212973226e-06	0.004995013683026871	5.0835321679248575e-06	-2.05
	319.0	-2.025	2.0	1.2800026154976315e-05	4.426317840933654e-06	0.005005151594947381	5.046676676776312e-06	-2.025
	320.0	-2.0	2.0	2.163206844330529e-05	3.619247007139993e-06	0.004996300501380081	4.966584399673636e-06	-2.0
	321.0	-1.975	2.0	1.8974323826537635e-05	3.426861358598433e-06	0.004999019289368513	4.78996248326383e-06	-1.975
	322.0	-1.95	2.0	1.4890621845519503e-05	2.423395957577874e-06	0.005001334694433816	5.038288197879459e-06	-1.95
	323.0	-1.9249999999999998	2.0	2.407523617966982e-05	2.275471295996234e-06	0.00499160055657307	4.882149819809903e-06	-1.9249999999999998
	324.0	-1.9	2.0	3.403965873558139e-05	2.719683492895742e-06	0.005000075277823428	4.89374509675749e-06	-1.9
	325.0	-1.875	2.0	3.876765245803399e-05	2.570240804444256e-06	0.005005482943737755	5.051075784389178e-06	-1.875
	326.0	-1.85	2.0	4.3739655572023454e-05	2.4024542377030943e-06	0.005000867234188353	5.126181920903214e-06	-1.85
	327.0	-1.825	2.0	4.6438273030668785e-05	2.774706573550338e-06	0.0049991929960009375	5.032953545337142e-06	-1.825
	328.0	-1.7999999999999998	2.0	5.3587543969496224e-05	2.2101631813698156e-06	0.00499841793232619	4.956531446733848e-06	-1.7999999999999998
	329.0	-1.775	2.0	5.8061125468294695e-05	2.4030831638303493e-06	0.004997462192815911	5.119356758699876e-06	-1.775
	330.0	-1.75	2.0	6.167808914636966e-05	8.415949544288096e-07	0.004997404473591657	4.7441871062499694e-06	-1.75
	331.0	-1.725	2.0	7.557542461953647e-05	2.1373113186687067e-06	0.00499828676282845	4.962962403416189e-06	-1.725
	332.0	-1.7	2.0	7.256621536064163e-05	1.5290395590214716e-06	0.005002797512173093	5.2435176600166924e-06	-1.7
	333.0	-1.6749999999999998	2.0	7.93763997794185e-05	1.128298460353624e-06	0.005003086805009006	5.086179093512082e-06	-1.6749999999999998
	334.0	-1.65	2.0	9.006724782516695e-05	1.9183438948306925e-06	0.005000230177436862	5.255161426360707e-06	-1.65
	335.0	-1.625	2.0	9.606123400084775e-05	1.98785008928591e-06	0.004997065366530457	5.189041210109492e-06	-1.625
	336.0	-1.6	2.0	0.00010062498262343373	2.200176036173778e-06	0.005002153751652934	5.163042437731092e-06	-1.6
	337.0	-1.575	2.0	0.00010010802369378857	6.510366167142513e-07	0.004995382104169652	4.9106394893102856e-06	-1.575
	338.0	-1.5499999999999998	2.0	0.0001083132130901685	2.1347373845169744e-06	0.005005995520043015	5.211965858158528e-06	-1.5499999999999998
	339.0	-1.525	2.0	0.00010448223350446782	1.695021435877764e-06	0.004994802406791472	4.993620292171564e-06	-1.525
	340.0	-1.5	2.0	0.00010359954403746861	1.8789490734040222e-06	0.004998926709580385	5.155395273574511e-06	-1.5
	341.0	-1.4749999999999999	2.0	0.0001122824956319693	1.6132058283512839e-06	0.005002709523943757	5.0292910029395735e-06	-1.4749999999999999
	342.0	-1.45	2.0	0.00010970866719394696	2.019074889640275e-06	0.005000770616584712	5.250503979919168e-06	-1.45
	343.0	-1.425	2.0	0.00011020372853461289	1.8508411155197634e-06	0.004998385424118263	4.9388567150729465e-06	-1.425
	344.0	-1.4	2.0	0.00010999402734512239	1.990868294555623e-06	0.005000622432369616	5.2550194477893614e-06	-1.4
	345.0	-1.375	2.0	0.00011594907680114159	2.0223925736685504e-06	0.005010314639482582	5.066623403251678e-06	-1.375
	346.0	-1.3499999999999999	2.0	0.00010329124561726734	1.8422759072073646e-06	0.004992589622853613	4.944490636479685e-06	-1.3499999999999999
	347.0	-1.325	2.0	0.00010310805257757816	1.9174983494035304e-06	0.005003614180240113	5.0974013084315055e-06	-1.325
	348.0	-1.2999999999999998	2.0	9.590735871882217e-05	1.983271102286047e-06	0.004995104834290781	5.123988300320741e-06	-1.2999999999999998
	349.0	-1.275	2.0	9.511352456290097e-05	2.149533950011076e-06	0.004991607491170632	5.293955142415887e-06	-1.275
	350.0	-1.25	2.0	9.353051702299316e-05	2.317224290660486e-06	0.00500290625944714	5.297409641474189e-06	-1.25
	351.0	-1.2249999999999999	2.0	8.529102824951386e-05	1.3566643707222351e-06	0.005003695240369657	4.90026262435127e-06	-1.2249999999999999
	352.0	-1.2	2.0	7.72656144426747e-05	1.7784886860735576e-06	0.004998623194492709	4.771077122497468e-06	-1.2
	353.0	-1.1749999999999998	2.0	6.632475339823914e-05	1.7162081946500339e-06	0.004997007316775972	5.301209562298337e-06	-1.1749999999999998
	354.0	-1.15	2.0	7.420167930505446e-05	2.35146015491503e-06	0.004999936654360137	5.036615750197602e-06	-1.15
	355.0	-1.125	2.0	5.7960316358248416e-05	2.3761478308374815e-06	0.00500360918442536	5.02995222080101e-06	-1.125
	356.0	-1.0999999999999999	2.0	4.827362472991265e-05	2.5079506781742143e-06	0.004984226855158367	5.309821120105817e-06	-1.0999999999999999
	357.0	-1.075	2.0	4.2162827959143595e-05	2.8756419497704998e-06	0.004997523527525667	5.217731081236511e-06	-1.075
	358.0	-1.0499999999999998	2.0	2.6133165078703174e-05	3.0521014276776786e-06	0.005007581860868489	4.994042806862701e-06	-1.0499999999999998
	359.0	-1.025	2.0	1.972542562125822e-05	3.292469598218921e-06	0.005002000449049344	5.226542156414914e-06	-1.025
	360.0	-1.0	2.0	2.163217580051622e-05	3.7314599728150996e-06	0.004999279704238964	5.123715342444363e-06	-1.0
	361.0	-0.9749999999999999	2.0	1.843217902529082e-05	3.96034890719504e-06	0.005003528138003284	5.143504132420019e-06	-0.9749999999999999
	362.0	-0.95	2.0	3.3166208820331416e-05	3.1942331391796424e-06	0.00500153373437068	5.254487505678557e-06	-0.95
	363.0	-0.9249999999999998	2.0	4.0613493262841975e-05	1.7843669981936709e-06	0.005010958096966058	5.211238474197776e-06	-0.9249999999999998
	364.0	-0.8999999999999999	2.0	5.517761443066948e-05	1.7320913708032159e-06	0.004996822404652367	5.064600741472284e-06	-0.8999999999999999
	365.0	-0.875	2.0	6.771212533123788e-05	2.4079186613542377e-06	0.005012989745115313	4.906090406106079e-06	-0.875
	366.0	-0.8499999999999999	2.0	8.554719025638153e-05	1.221107987540918e-06	0.004998083333929821	4.793455295346833e-06	-0.8499999999999999
	367.0	-0.825	2.0	0.00010712009702978296	9.143729429495018e-07	0.004995370133320195	5.089882308284481e-06	-0.825
	368.0	-0.7999999999999998	2.0	0.00011959659214320262	1.7170793389050937e-06	0.0049923417784525385	5.259751011528376e-06	-0.7999999999999998
	369.0	-0.7749999999999999	2.0	0.0001298057884331704	1.1858150756855507e-06	0.004996113520474249	5.156370116463418e-06	-0.7749999999999999
	370.0	-0.75	2.0	0.00015081871466278847	1.8094092881293182e-06	0.0049986292053399535	5.313682367281759e-06	-0.75
	371.0	-0.7249999999999999	2.0	0.00016702153515661173	1.8913679282669587e-06	0.00499901703687139	5.3821057320383745e-06	-0.7249999999999999
	372.0	-0.7	2.0	0.0001823645045645969	1.2702482414552094e-06	0.004999791255072851	5.192070757155245e-06	-0.7
	373.0	-0.6749999999999998	2.0	0.000201532464755659	1.395032255268561e-06	0.005004280580306281	5.5011861713710266e-06	-0.6749999999999998
	374.0	-0.6499999999999999	2.0	0.00021825163959521816	1.6168011876485878e-06	0.004994711795294154	5.307194761704128e-06	-0.6499999999999999
	375.0	-0.625	2.0	0.0002382884455789242	1.6343569809850398e-06	0.004999018841176351	5.293789103592979e-06	-0.625
	376.0	-0.5999999999999999	2.0	0.00025560889871665106	1.3074684285494078e-06	0.00500241684214664	5.61183749671594e-06	-0.5999999999999999
	377.0	-0.575	2.0	0.0002684802797708227	1.0251983775723328e-06	0.0050064500935587935	5.113481535372249e-06	-0.575
	378.0	-0.5499999999999998	2.0	0.00028512101355079574	1.4830426090925018e-06	0.004994503690678607	5.19278298076714e-06	-0.5499999999999998
	379.0	-0.5249999999999999	2.0	0.0003010437398201382	1.3438276195082404e-06	0.005004518344553532	5.382630173789739e-06	-0.5249999999999999
	380.0	-0.5	2.0	0.0003177664476404877	9.656726267538302e-07	0.0050003671251024236	5.34102019099159e-06	-0.5
	381.0	-0.4750000000000001	2.0	0.00033535317273352484	1.6290717780162866e-06	0.005010006808149871	6.063790394400678e-06	-0.4750000000000001
	382.0	-0.44999999999999973	2.0	0.000350983172175293	1.4434432387359481e-06	0.004998908033722698	5.782355928795992e-06	-0.44999999999999973
	383.0	-0.4249999999999998	2.0	0.00036637678027913207	1.3492741152975876e-06	0.005003349648088578	5.8307439920413685e-06	-0.4249999999999998
	384.0	-0.3999999999999999	2.0	0.00037962996901813123	1.3678410731734049e-06	0.004997170832968782	5.8727438203970355e-06	-0.3999999999999999
	385.0	-0.375	2.0	0.0003901521531338205	1.5708518409602741e-06	0.004992404923279342	6.230656348482947e-06	-0.375
	386.0	-0.3500000000000001	2.0	0.00040882466811856206	1.2376818322915642e-06	0.005009395975956159	5.6361996097893704e-06	-0.3500000000000001
	387.0	-0.32499999999999973	2.0	0.00042136989758651797	1.3540421704301495e-06	0.005005254260799063	5.871081914442488e-06	-0.32499999999999973
	388.0	-0.2999999999999998	2.0	0.0004355834799161553	1.4703650379879088e-06	0.005016160233920946	6.38692672350307e-06	-0.2999999999999998
	389.0	-0.2749999999999999	2.0	0.0004421162620068	1.0701867401465872e-06	0.005017727732519868	6.190501160422839e-06	-0.2749999999999999
	390.0	-0.25	2.0	0.0004518414913161946	1.446617399915983e-06	0.00500921153094648	6.566675078966146e-06	-0.25
	391.0	-0.2250000000000001	2.0	0.0004584872650682178	8.417227218500649e-07	0.004998454664854162	5.634699755133036e-06	-0.2250000000000001
	392.0	-0.19999999999999973	2.0	0.0004715212199459038	1.137013305522894e-06	0.005008405529933292	6.205066606495366e-06	-0.19999999999999973
	393.0	-0.17499999999999982	2.0	0.000473552053538564	8.882179354702934e-07	0.005004263443996468	5.738726310077178e-06	-0.17499999999999982
	394.0	-0.1499999999999999	2.0	0.00048289746294056753	1.3043872488457637e-06	0.005008897725841789	6.118832488183943e-06	-0.1499999999999999
	395.0	-0.125	2.0	0.0004890580938809578	9.076789002018666e-07	0.004992075061868692	5.8065833368781175e-06	-0.125
	396.0	-0.09999999999999964	2.0	0.00048787346026618947	1.0657935482261482e-06	0.004997273103869522	6.154780883372368e-06	-0.09999999999999964
	397.0	-0.07499999999999973	2.0	0.0004989266572391696	1.3129409080694524e-06	0.004996943831282072	6.2661601196591535e-06	-0.07499999999999973
	398.0	-0.04999999999999982	2.0	0.000503679702823589	9.826736962034878e-07	0.005006844855859223	5.719940107551382e-06	-0.04999999999999982
	399.0	-0.02499999999999991	2.0	0.0005023849626152295	1.075928889279818e-06	0.005010366957291212	5.823243967764324e-06	-0.02499999999999991
	400.0	0.0	2.0	0.0005019562962150586	1.1425092714035457e-06	0.004998267005094942	6.049096022623869e-06	0.0
